174,52
174,51
174,50
174,49
174,48
174,47
174,46
174,45
174,44
174,43
174,42
174,41
174,40
174,39
174,38
174,37
174,36
174,35
17,2
17,1
17,3
15,2
15,1
15,3
16,2
16,1
16,3
13,2
14,2
4,25
4,24
4,4
4,75
4,12
4,38
4,71
4,74
4,34
4,1
4,85
4,2
4,3
6,6
6,4
6,1
6,5
6,2
6,3
7,7
7,8
7,4
7,6
7,13
7,5
7,1
7,9
7,2
7,3
5,4
5,2
5,1
5,3
3,2
3,1
3,3
10,2
10,1
10,3
11,2
11,1
11,3
9,2
9,1
9,3
8,2
8,1
8,3
12,2
12,1
12,3
20,2
20,1
20,3
19,2
19,1
19,3
18,1
18,3
14,1
14,3
13,1
13,3
173,68
173,67
2,2
173,66
2,1
173,65
2,3
173,64
173,35
173,34
173,33
173,32
173,31
173,30
173,29
173,28
173,27
173,26
173,25
173,24
173,23
173,22
173,21
173,20
173,19
173,18
173,17
173,16
173,15
173,14
173,13
173,12
173,11
